4
6
7
8
9
21
36
42
48
55
57
63
75
76
77
82
80
85
102
107
112
143
146
144
155
126
135
137
177
178
209
203
186
194
195
229
227
384
358
368
407
284
431
292
312
437
443
425
367
350
415
243
439
249
322
421
239
391
244
246
258
267
268
269
272
274
276
287
294
298
307
318
321
327
338
372
373
378
382
414
420
429
441
446
479
544
518
534
462
532
499
492
483
465
487
478
508
510
477
538
457
531
546
554
568
575
573
578
582
585
591
604
601
607
612
611
741
764
709
664
623
726
721
646
729
734
725
699
708
700
682
710
644
738
693
622
619
684
750
661
647
618
666
683
655
740
642
749
679
747
620
694
638
752
808
829
776
813
825
834
810
767
780
779
794
802
806
837
799
770
860
866
848
853
844
867
876
875
881
892
900
894
905
906
902
915
914
928
933
932
935
964
973
954
974
965
949
969
1004
993
999
988
1003
997
1011
1014
984
992
1020
1021
1041
1037
1036
1033
1035
1028
1059
1049
1071
1076
1081
1078
1087
1069
1075
1079
1167
1160
1174
1155
1172
1186
1177
1128
1114
1138
1143
1140
1144
1097
1127
1111
1123
1183
1187
1179
1108
1200
1227
1219
1209
1232
1279
1259
1283
1251
1305
1262
1275
1246
1309
1284
1278
1295
1297
1285
1270
1318
1289
1263
1306
1288
1234
1264
1253
1337
1336
1322
1340
1330
1367
1435
1399
1408
1430
1426
1416
1410
1414
1384
1390
1412
1406
1387
1428
1382
1389
1437
1443
1451
1442
1449
1455
1465
1457
1476
1481
1479
1475
1490
1529
1518
1522
1515
1513
1519
1536
1540
1537
1534
1571
1545
1585
1544
1565
1556
1580
1560
1592
1567
1550
1584
1596
1606
1607
1612
1613
1617
1629
1623
1651
1640
1643
1646
1648
1650
1665
1672
1660
1677
1661
1688
1683
1676
1707
1716
1705
1715
1701
1711
1828
1829
1762
1756
1858
1825
1843
1784
1826
1782
1879
1862
1720
1838
1751
1731
1794
1725
1775
1752
1877
1737
1822
1741
1871
1867
1868
1832
1895
1851
1882
1723
1745
1836
1732
1820
1931
1900
1925
1904
1897
1932
1915
1909
1935
1941
1939
1936
1937
1953
1956
1950
1959
1961
1962
1975
1967
1974
1980
1985
1990
1992
1997
2003
2009
2013
2017
2035
2068
2047
2073
2060
2029
2063
2031
2070
2123
2126
2157
2107
2105
2145
2095
2130
2112
2150
2104
2090
2081
2139
2159
2178
2184
2172
2167
2181
2180
2179
2175
2194
2258
2216
2217
2207
2250
2202
2229
2208
2201
2241
2204
2211
2237
2262
2269
2270
2273
2278
2276
2275
2285
2291
2286
2295
2304
2299
2310
2311
2307
2313
2316
2326
2341
2327
2344
2342
2331
2322
2325
2335
2356
2346
2349
2362
2361
2370
2369
2371
2382
2400
2397
2385
2390
2395
2393
2384
2386
2412
2424
2433
2430
2441
2444
2456
2449
2451
2487
2497
2489
2505
2458
2494
2477
2481
2513
2580
2549
2538
2594
2590
2574
2534
2543
2589
2570
2562
2585
2573
2582
2564
2593
2523
2518
2608
2616
2620
2625
2628
2634
2630
2623
2688
2732
2788
2830
2815
2797
2841
2887
2698
2763
2856
2817
2762
2892
2776
2710
2687
2713
2645
2660
2741
2854
2759
2667
2880
2664
2652
2743
2893
2871
2693
2671
2803
2883
2869
2787
2778
2846
2820
2799
2669
2855
2897
2889
2742
2904
2923
2905
2906
2938
2944
2912
2898
2970
2950
2953
2971
2952
2961
2962
2969
2966
2978
2991
2987
2989
2996
3006
3020
3009
3024
3025
3022
3033
3039
3037
3040
3029
3044
3062
3043
3046
3058
3068
3077
3076
3075
3079
3094
3092
3091
3105
3104
3108
3100